788
761
763
754
726
751
753
756
754
759
795
774
757
763
757
759
758
759
792
783
760
772
757
805
748
760
787
800
772
830
725
763
763
742
721
810
780
759
759
752
753
759
752
804
794
759
760
752
751
752
752
784
801
760
762
754
750
753
753
800
795
762
761
754
752
757
762
817
785
761
746
748
761
757
760
814
748
758
759
750
769
747
751
795
786
759
758
754
749
757
751
758
784
765
760
760
754
757
756
761
794
774
761
763
758
760
758
764
805
786
761
763
759
758
760
761
807
799
763
725
753
754
751
752
821
784
759
763
752
748
751
752
758
807
774
757
760
749
752
753
760
798
785
758
763
754
754
757
756
806
800
764
765
757
756
758
758
816
809
769
763
740
747
797
732
793
806
759
758
749
709
723
741
769
806
770
757
757
785
738
765
762
804
765
760
759
758
751
754
795
801
771
761
756
753
756
754
806
812
771
