804
768
759
758
752
757
753
811
798
760
766
756
753
757
766
824
785
747
710
746
748
748
751
813
789
757
759
756
747
751
749
782
800
764
758
760
747
752
753
760
811
774
759
760
752
754
756
785
810
777
761
763
754
758
759
759
818
794
765
768
734
749
751
750
793
799
763
762
753
749
751
751
766
806
771
759
759
752
753
752
753
797
794
759
764
758
753
757
756
805
792
768
766
760
757
759
768
749
810
781
770
763
746
680
752
748
801
811
764
760
752
768
735
752
753
819
794
748
763
748
748
751
749
771
812
773
760
759
751
752
753
753
801
792
761
765
757
758
756
756
795
801
780
766
756
747
751
748
749
820
784
765
747
753
748
747
749
751
797
789
762
760
751
748
750
751
754
802
793
763
798
739
756
754
754
766
818
784
762
763
754
760
739
756
805
798
765
768
734
748
752
740
784
809
764
742
762
736
776
738
