766
821
776
753
752
746
747
751
741
813
793
759
808
729
749
748
747
773
811
764
764
758
753
789
745
756
790
775
762
763
754
710
752
748
785
784
760
729
720
754
749
758
770
792
772
764
758
754
754
753
757
799
786
766
764
754
752
753
757
774
812
768
764
760
753
754
754
756
804
781
759
765
766
732
708
752
797
790
799
744
754
749
752
753
773
809
782
749
759
749
748
759
753
808
786
762
754
751
753
763
749
773
810
771
765
773
744
761
758
761
775
777
764
789
745
759
768
739
820
777
760
761
753
752
760
749
783
798
769
766
746
756
753
753
759
804
784
762
763
754
745
753
754
782
840
753
765
759
756
759
759
766
799
777
796
754
760
758
753
700
794
785
771
758
754
752
753
752
760
798
788
759
724
738
752
753
744
776
805
771
763
758
753
754
754
756
792
802
745
761
759
756
757
758
770
812
774
764
764
757
