762
764
757
759
758
765
816
781
764
765
759
804
747
765
809
760
759
759
752
758
751
756
793
789
781
754
745
752
757
757
773
796
766
763
762
745
758
758
780
801
770
763
763
758
759
759
790
811
775
765
763
758
760
760
781
819
780
760
758
751
753
763
729
789
783
764
760
758
753
756
774
774
787
761
764
759
760
756
781
773
795
766
765
760
758
759
760
777
808
777
768
764
776
748
763
763
811
796
774
765
726
753
754
754
772
809
770
763
763
752
758
757
759
752
780
757
762
753
753
759
754
789
800
765
763
758
757
758
757
798
813
766
764
760
756
759
759
766
825
785
760
765
750
706
754
753
794
799
758
761
753
751
753
754
771
805
766
760
758
753
754
756
770
836
766
761
763
754
757
758
768
820
784
764
765
758
758
759
760
808
799
766
766
762
761
758
701
773
801
774
765
763
757
758
758
763
804
777
763
764
