762
765
749
757
712
754
812
776
754
761
746
749
749
751
792
799
761
759
753
762
746
746
750
802
784
766
742
727
753
754
753
780
798
752
764
760
754
758
756
776
812
786
765
761
763
761
748
713
818
777
757
756
747
766
739
762
812
775
756
756
749
761
739
759
805
776
758
759
752
751
746
753
804
780
761
763
758
763
752
768
824
760
766
763
781
748
758
796
802
758
713
754
751
802
739
806
792
758
799
717
751
739
757
801
797
759
760
750
748
763
753
780
808
764
764
757
752
754
754
794
741
758
764
759
753
756
774
812
797
762
766
752
725
749
757
821
786
758
749
748
680
796
727
811
804
757
753
747
747
750
748
833
794
761
758
753
757
749
754
768
811
765
760
760
752
757
756
795
812
766
768
757
756
758
736
754
804
759
759
749
748
751
793
789
790
764
768
748
748
751
748
785
813
764
777
748
749
753
747
783
