773
745
715
811
774
746
754
752
759
751
761
811
746
732
763
754
752
753
753
787
793
765
761
758
760
753
766
754
852
766
775
776
749
761
759
758
816
771
757
764
760
758
774
757
748
787
764
762
773
751
760
752
785
800
771
761
757
753
754
754
787
795
788
760
760
753
753
754
754
792
847
749
780
745
759
758
756
784
801
766
766
758
759
760
760
800
754
709
761
754
758
748
756
806
794
772
756
754
752
751
752
793
796
763
789
745
782
739
757
773
789
765
764
761
759
749
758
775
793
766
765
762
758
760
760
770
795
776
768
766
705
754
756
769
797
774
762
760
754
754
790
744
800
776
761
754
758
753
756
751
787
780
759
764
758
758
759
762
801
773
765
764
760
760
760
770
797
777
770
764
760
761
741
762
794
776
744
717
758
757
753
757
792
783
763
763
757
754
757
757
790
787
763
765
758
758
758
761
806
784
